11111111111111111111111111111111
10000000000000000000000000000001
10101111111111111111111111111001
10101111110000000000000011111001
10100000000011000001110000000001
10100111110011001001110011111001
10100100000000001000000000041001
10100101111111101011111110051001
10100101000000001000000010061001
10100101010000001000000010071001
10100101010111111111110010001001
10100100000000001000000010001001
10100000011011101011101010001001
20100101011011101011101010000002
20100101011011101011101000000002
10101101011000001011101111110001
10101001011011100011101000000001
10101001000011101011101000000001
10101001011011101011101011010001
10101001000000001000000011010001
10101001111100301001100011010001
10100000000000001000000011000001
10100100100111111111110011001001
10100100000000001000000000001001
10100100000000101000100000001001
10100100110000101000100011001001
10100100110111101011111011001001
10100111110100001000100011111001
10100000000100000000100000000001
10111110000001110000000111111001
10000000000000000000000000000001
11111111111111111111111111111111